6
50
113 349 133 540 365 820 264 436 177 565 335 647 469 510 364 724 30 84 259 490 135 394 16 65 420 783 473 665 416 453 320 754 253 656 336 522 387 754 181 294 329 531 438 536 253 526 23 285 151 393 276 438 206 609 285 439 415 601 148 210 107 168 77 509 323 448 389 455 211 258 34 93 24 491 62 95 155 204 219 468 64 306 164 230 259 686 87 108 79 425 115 585 301 783 61 414 468 933 430 538 
25
659
65
35
629
126
483
373
592
135
708
147
517
29
807
631
808
164
200
171
426
424
623
534
453
639

200
241 867 173 270 752 821 216 528 1220 2258 428 1598 237 509 563 1473 159 1236 352 1207 136 1110 623 1622 398 1425 1175 2346 1230 2024 1069 2236 81 835 135 519 903 1148 776 1932 274 1488 1066 1827 316 1088 970 1784 909 1985 935 1476 765 951 30 1133 1053 1319 212 812 1210 1328 283 1354 74 476 459 517 546 1390 981 2036 1118 1860 823 1151 1122 1589 938 1535 891 1121 882 1719 809 1382 773 1131 414 1025 1220 1402 521 1182 829 832 620 1182 652 1076 997 1847 328 877 326 1549 69 565 1101 1441 329 1315 590 595 122 498 797 1899 117 1279 1181 1346 1241 2028 74 1208 420 1563 932 1038 1064 1293 838 1916 1240 2214 932 1564 197 280 530 906 775 1593 134 222 1098 1678 735 753 716 923 802 1586 884 2063 812 1769 1246 1822 1214 1911 86 1090 502 1249 856 2070 947 1349 231 237 318 618 158 1207 1041 1388 852 1984 578 613 71 1131 743 1317 165 956 547 1240 324 770 559 616 1200 2191 898 1436 399 1470 52 254 272 278 849 1179 612 1624 445 1153 1007 2197 272 1486 780 1207 1178 1519 579 1734 873 1894 972 1683 479 1319 64 579 819 2065 824 1146 573 1718 864 1350 666 1716 916 1355 804 1685 614 1710 209 807 1214 1277 245 1063 930 1627 1113 2334 161 948 696 1279 904 1836 1013 1818 1172 1515 688 1664 980 1051 1132 1527 100 1226 822 1663 739 1280 911 2094 332 635 221 820 137 223 608 1373 151 857 881 949 650 1314 52 1214 1112 1476 568 1785 350 1029 1171 1538 144 1070 1017 1097 1092 1659 342 998 795 1905 18 414 581 1000 416 1376 39 774 88 767 950 2121 711 904 960 1546 445 1021 950 1871 561 1119 1 932 624 1488 371 839 442 558 842 1721 1248 2048 892 1080 854 1060 1086 1268 646 1138 912 2031 33 706 805 1015 660 1800 528 1076 191 335 760 836 287 973 1154 1759 122 583 1224 1584 6 121 36 1165 23 1116 187 988 194 478 658 1807 827 1966 871 1961 209 1144 704 931 972 1319 516 1590 
100
134
254
674
1147
523
1156
364
2488
666
705
113
2329
863
1919
1793
338
1277
259
1244
681
2383
1527
955
1011
1336
1040
754
1389
660
1721
1803
1358
2
1552
856
2174
1739
120
2203
1889
258
2165
231
198
1410
1412
2363
875
1172
555
1923
310
1681
2053
2475
1509
2404
227
2244
1126
890
944
414
1719
1831
1503
272
522
1268
2438
1736
1029
810
1781
442
337
747
1446
564
964
238
1413
2340
1361
1210
837
1358
439
1098
802
1082
175
2215
489
2202
2349
219
1445
441
1930

500
1 5000 5000 5000 2062 4122 1882 3337 1052 3487 224 2073 2009 4084 2067 2635 553 2374 1753 4123 1133 2870 941 2540 1208 2455 1160 1259 1967 3078 1462 2723 487 2399 1454 2780 2299 3394 1386 2555 938 1100 111 2593 168 1635 2081 4506 1551 3130 1305 3315 1714 2328 1239 2495 2244 2848 2098 2449 658 2357 334 1485 1766 3837 729 2755 385 803 1019 1753 958 2024 701 1406 2153 2197 826 3055 1358 3494 2184 3721 2285 4724 1316 3177 2431 4463 440 582 357 953 200 1563 625 2155 613 2028 2399 4114 1550 3495 737 2996 757 2094 1359 3643 1305 1651 1142 3240 2449 2486 1491 2068 2442 3026 1093 2333 1611 4100 2219 4615 541 2366 849 1946 298 635 1866 2197 859 1459 134 1007 154 1793 1362 2273 866 3336 97 2048 378 423 555 1019 1098 3081 1602 2460 1061 2571 76 1817 1696 2528 432 2812 236 1907 496 2969 1949 2694 32 93 302 1664 2338 4809 262 1540 181 2555 1478 1888 1474 3893 2047 3090 1633 3001 2123 3287 885 1188 1086 1428 678 1970 730 2203 1787 3438 568 1101 622 1467 2176 4414 460 737 885 2175 359 1106 669 1159 1954 3109 1034 3067 871 3303 17 689 1840 3224 1178 3456 2385 3848 458 2462 1943 3917 2245 4633 2433 2784 812 1300 611 651 1466 2868 1947 2797 507 1895 1557 2453 1946 2649 484 1064 1952 3345 2391 4460 914 1093 1751 2298 183 1278 206 363 488 2226 857 3091 2210 2530 2079 2917 454 2440 1693 2721 440 1245 2490 3407 361 1123 584 2267 1490 3218 1770 3235 634 2908 549 1312 789 827 2466 3116 1288 2703 1462 3804 2381 2829 2160 2412 684 750 1580 3403 424 2536 662 2565 2367 2865 2366 3575 1308 2083 475 1417 1627 2131 2499 3070 1508 2358 414 2264 346 909 1099 2270 1159 3101 2407 3405 2100 3458 957 3242 979 1049 1923 3012 1393 2515 1144 3047 551 1180 2484 3889 508 2751 1476 2807 780 1075 1682 3810 41 199 1021 3387 927 1441 1767 2330 1364 1545 388 2481 1789 3299 2091 4040 2330 3874 536 715 2205 2664 1945 3375 2218 4458 854 2294 1289 1740 943 984 2034 3386 1864 4061 1669 3692 1221 2093 1597 3982 737 2148 2354 4146 2286 3058 771 3130 2019 3194 1356 1540 1744 3012 625 2748 79 2087 1688 3472 1168 2829 760 1520 104 194 661 922 2475 3143 2138 3150 1068 2223 1518 3819 1362 2323 1960 3842 632 2122 1362 2767 495 2203 1928 2712 2260 2485 1347 2953 2409 2528 1000 2688 28 968 111 1044 47 2032 512 1568 424 1409 477 1894 961 2951 1488 3223 433 1629 1121 2222 165 1742 467 2265 2153 3095 1059 1839 1147 1203 1341 3839 1034 1605 2479 3965 1992 2748 978 2189 1334 1955 200 986 2442 4266 1448 1728 2328 4313 583 867 570 1618 444 483 25 432 2096 4346 1544 3452 1384 1695 1584 3959 1041 1090 1931 4323 1230 2504 1046 3170 1509 3675 1642 3889 1363 2721 1786 2107 342 1045 1683 2692 576 1970 2074 2594 1218 2599 1534 3780 172 2019 2143 2344 633 2814 1279 1822 1820 2953 1172 3021 2157 2330 107 1673 597 730 2371 3235 1489 2502 1447 2055 289 2043 158 595 470 1090 1957 2472 254 257 2270 2601 1956 4018 68 566 917 3077 2027 3507 948 3029 2471 3373 2432 2609 578 1141 151 617 1002 2274 1539 2540 2146 3677 2438 3490 2211 2346 1158 2583 2099 4442 240 1533 1418 3470 544 1483 381 1950 1351 2596 2394 2816 2317 4375 2240 4721 214 2485 1564 1946 2293 3138 1577 3849 915 1814 1746 2467 1863 2629 2360 3580 1126 1979 746 2212 2426 3764 544 1660 2160 2494 382 1637 303 839 358 1468 509 1865 1622 3447 528 2459 1177 3187 133 2609 685 2323 597 2270 350 2140 1718 1781 1938 2746 2071 2211 760 2509 152 2462 593 2738 2431 2990 721 1303 727 847 2343 4697 1763 3114 2444 3260 1085 1758 1089 2423 593 1277 2353 4070 1884 2270 1509 2815 290 1645 107 552 1344 3785 2414 4810 572 2771 116 1317 1474 1953 2075 2716 2319 4772 1799 3877 473 2539 2429 4749 387 2425 2332 3813 1885 3195 1804 1911 1072 1097 1631 3886 2478 2820 621 1864 1756 2903 1494 2257 1889 4230 283 784 1316 1789 1990 3359 1955 4202 1473 2542 1710 3048 197 2423 319 1723 1661 2912 536 2628 598 2913 1532 3045 319 390 1355 2824 1802 2479 392 2491 1518 2061 484 1147 664 1627 1897 2426 237 2030 1315 2677 182 319 1363 2070 2263 2443 890 1124 934 1907 1888 3895 43 358 974 1161 1713 2715 907 2440 716 2959 634 1857 762 916 745 917 1458 3689 2073 2353 1104 3229 1050 2794 774 3098 268 2588 1171 1996 2088 2715 465 2917 2472 4715 911 2680 1874 2048 493 1546 108 1616 905 3213 2141 2512 1926 3362 789 1342 174 2532 946 3020 607 639 875 973 1091 1890 394 2767 1262 1528 1298 3581 891 3171 869 1731 914 1594 2474 2646 302 1393 159 357 1792 3448 1562 3687 446 1846 1749 2010 2496 3699 453 1277 2116 2504 1824 3334 1413 2689 212 276 1359 1686 2012 4346 2202 4286 189 2618 836 3118 1989 3714 573 1843 2421 2969 262 2729 293 1379 456 1994 974 2072 2267 3321 1624 3854 1722 3889 1169 1227 2245 4137 207 1560 129 1108 193 2122 542 580 2185 2898 1643 1914 1765 2323 395 2578 128 1800 700 1493 2126 4410 936 2859 1880 1967 437 480 2189 2930 602 1790 390 785 1644 2171 685 799 1151 1304 1826 3104 1533 3531 1115 3322 
500
281
289
2060
2396
990
4663
1095
4082
259
4530
4975
2999
275
1387
1033
4109
3601
4000
3277
1357
2230
3824
4630
1617
4212
1901
4363
4883
3039
2421
578
3339
995
2956
3395
545
2409
625
1400
3535
4883
2595
4108
1786
4486
4480
825
1021
2888
2179
2268
4074
4655
1376
2347
998
3353
516
2006
3440
4506
2966
3123
694
4423
131
868
3811
945
2771
4083
2193
1037
526
189
1295
2649
1890
2076
1367
2129
301
2591
4311
599
3425
1164
1177
3977
1296
3446
2753
2572
3397
1569
1947
2479
4197
4362
2223
3066
1008
1148
4314
3661
3424
1389
2962
3733
3717
1047
3702
4441
2658
3770
615
2523
3967
2679
2958
458
4956
87
276
83
1559
2625
2400
1712
1627
1419
1592
689
3517
4936
3360
2559
1835
2928
2008
4104
1244
2821
4173
3956
318
3313
438
2062
1304
517
4817
1702
3988
2749
1778
571
1736
1959
303
4310
1378
2930
1347
4401
1198
1491
1693
4190
2605
4930
2828
2797
3715
3627
865
1853
4133
3392
329
4812
4198
2804
4190
1922
3597
1667
1265
3639
900
702
4262
3948
3038
978
2603
3783
246
1224
454
928
953
839
2187
2464
1872
92
3167
3834
3148
428
4980
4754
3021
4184
4432
3425
721
4599
4188
979
4926
898
87
879
3588
4017
341
1109
2666
2755
759
1487
891
2962
552
3622
3180
2413
4465
981
1454
1719
4401
4042
2986
1397
3613
961
4734
3500
3904
4843
2826
4680
2839
2267
279
2426
692
3377
4501
2977
3308
3288
4831
337
4599
1450
54
2977
2980
4083
2614
798
1718
962
4937
4765
2495
2140
2982
3494
4136
1739
3526
3332
4394
4468
235
4521
1516
3246
3357
3126
4321
990
4642
4663
565
4136
4760
1453
3348
4864
4426
902
159
2838
2414
127
2188
2247
711
9
1032
2232
1596
4545
3772
4206
4948
2002
258
2361
1748
3373
290
607
2710
856
3229
4588
559
77
2157
4319
1246
1625
4591
3992
3572
725
4094
2294
2716
4425
4061
2317
4313
2804
3121
2228
3662
2328
3329
3589
1630
187
2707
3029
529
2024
1284
43
1831
1884
995
2558
1244
52
2794
2190
3304
1307
882
109
730
1666
2723
1311
4304
256
1333
731
2062
4593
1013
2526
4760
859
1199
1245
3510
4059
1037
4224
299
2790
873
743
1105
4124
333
4716
878
3134
1644
207
2003
768
1692
3200
3110
1530
2499
2855
4974
840
4715
4144
1934
2154
4348
4675
3857
2358
3796
2807
1728
2432
4037
3062
1186
2899
1107
228
1297
3074
4424
2105
1453
2391
1374
1270
463
925
649
540
4380
1953
3375
1536
764
307
668
970
3726
3155
2406
1845
4658
334
1329
4577
2298
2047
560
1612
2182
370
3754
1879
2706
2140
2293
4836
4758
846
545
806
3067
4808
3171
2097
3277
4075
2812
1568
2793
3879
646
3677
1244
1243
467
4091
4997
3650
3217

150
951 951 210 210 406 406 992 2239 1028 2133 734 1673 830 1550 841 1947 709 1258 1091 1566 804 1417 687 1870 600 784 535 1006 1007 1062 1145 1624 215 819 808 1509 988 1519 816 1658 172 1167 293 1219 779 1281 893 2138 490 691 403 943 880 1332 999 1013 70 514 504 1087 1146 1543 720 936 738 1166 716 947 472 849 85 127 678 1424 7 776 1081 2197 1160 1471 1134 1464 224 1307 1208 1483 521 1250 694 1067 23 783 710 1643 373 488 967 1320 1115 2273 634 1633 591 1292 951 1067 147 373 1067 1695 398 1080 248 1093 648 1181 22 889 807 1134 290 600 737 1590 795 1303 1026 1992 582 1037 355 1523 1067 1469 392 746 951 1863 1054 1254 799 1714 313 372 975 2057 586 1224 1240 2216 961 1296 1230 1763 169 593 179 282 874 1615 1065 2252 843 1658 578 1571 525 663 920 1114 1011 1533 1081 1740 1149 1546 780 1203 141 1372 357 1368 1146 1897 744 1981 284 1158 839 912 698 1699 377 693 641 1203 1040 1353 1143 2204 875 1358 984 2124 229 861 368 1450 1179 1701 1010 1823 970 1998 730 731 288 927 1243 1439 28 1219 1202 2006 418 1574 145 945 624 975 262 861 240 1468 904 1702 999 1620 608 660 301 603 1212 1866 202 408 888 1117 545 578 706 1030 903 1545 121 1197 430 1000 574 1029 1076 1214 549 1740 931 1438 1176 1569 449 733 196 845 51 744 1057 1583 858 1337 391 951 180 589 754 1534 125 494 612 854 598 790 761 1835 389 450 1082 1599 494 1382 1120 2110 
80
951
450
738
2230
1792
799
1282
28
1292
1766
2300
351
1543
29
931
1601
729
1714
1748
371
1698
752
1783
1482
2066
168
885
1916
2210
2452
1989
2435
1315
2175
1000
1818
366
875
1216
404
2035
1223
2092
986
496
2164
5
1347
546
372
695
866
314
1546
2027
2245
437
1697
364
345
2218
1367
546
123
1489
942
2039
1590
677
244
1471
2010
399
64
1158
365
1219
1505
1649
406

200
260 525 310 1512 862 1153 912 1826 1061 1771 1111 2135 449 1218 499 1859 934 1745 984 2122 373 540 423 1520 134 515 184 1507 555 948 605 1724 99 666 149 1583 240 1232 290 1866 362 439 412 1469 567 1526 617 2013 387 690 437 1595 1067 1636 1117 2068 1218 1801 1268 2150 1240 1535 1290 2017 652 1304 702 1902 706 776 756 1638 204 282 254 1391 825 1792 875 2146 1244 2333 1294 2416 1223 2135 1273 2317 998 1574 1048 2037 17 69 67 1284 515 664 565 1582 251 639 301 1569 277 1094 327 1797 69 1071 119 1785 757 885 807 1692 277 823 327 1661 253 991 303 1745 180 435 230 1467 570 1292 620 1896 292 1442 342 1971 846 2022 896 2261 196 1241 246 1870 548 1774 598 2137 917 1463 967 1981 551 1423 601 1961 365 1340 415 1920 71 718 121 1609 1204 2286 1254 2393 139 837 189 1668 177 356 227 1428 5 179 55 1339 83 1183 133 1841 216 878 266 1689 907 1822 957 2161 1002 1714 1052 2107 1086 1316 1136 1908 87 333 137 1416 360 995 410 1747 264 1230 314 1865 1171 1464 1221 1982 845 1538 895 2019 723 1721 773 2110 372 854 422 1677 296 1411 346 1955 1040 2210 1090 2355 658 1035 708 1767 492 1489 542 1994 991 1627 1041 2063 805 1567 855 2033 1091 1435 1141 1967 741 892 791 1696 1063 1113 1113 1806 1247 2334 1297 2417 218 1213 268 1856 174 564 224 1532 308 842 358 1671 634 1533 684 2016 929 1877 979 2188 144 1219 194 1859 705 1311 755 1905 920 1093 970 1796 455 518 505 1509 849 1555 899 2027 864 1143 914 1821 900 2077 950 2288 821 1186 871 1843 704 1447 754 1973 202 791 252 1645 152 486 202 1493 144 745 194 1622 153 1224 203 1862 928 2151 978 2325 130 1009 180 1754 142 858 192 1679 282 768 332 1634 446 1128 496 1814 63 224 113 1362 40 1008 90 1754 1199 2043 1249 2271 673 791 723 1645 130 555 180 1527 605 1681 655 2090 75 473 125 1486 390 870 440 1685 1176 2258 1226 2379 120 127 170 1313 
150
1277
587
1425
675
2428
655
1913
1738
2114
884
2052
1756
1138
1143
1989
232
1917
2381
2426
1912
1149
864
265
998
1087
1663
1135
1654
1062
286
2313
1012
147
1492
1231
238
1280
1748
2018
2367
549
1212
2012
27
181
1744
559
1227
797
2384
311
913
1112
500
985
424
185
606
150
291
413
618
438
1118
1269
1291
703
757
255
876
1295
1274
1049
68
566
302
328
120
808
328
304
231
621
343
897
247
599
968
602
416
122
1255
190
228
56
134
267
958
1053
1137
138
411
315
1222
896
774
423
347
1091
709
543
1042
856
1142
792
1114
1298
269
225
359
685
980
195
756
971
506
900
915
951
872
755
253
203
195
204
979
181
193
333
497
114
91
1250
724
181
656
126
441
1227
171

150
763 1441 423 763 1083 2203 636 1026 765 957 150 1378 1209 1764 1060 2220 605 1469 351 1185 570 1259 479 1553 44 547 420 569 278 1424 417 1143 458 844 267 1227 312 320 630 1479 855 1909 893 1133 163 1197 502 1536 53 934 1063 2081 691 1507 1066 1229 728 867 759 1892 601 1346 569 1630 465 1081 93 425 772 1407 495 835 1191 2048 677 1529 981 2008 774 830 14 356 255 852 728 1381 849 1660 977 2161 793 1139 72 950 839 898 151 374 1151 1791 630 1364 1017 1784 297 983 378 978 781 977 994 1977 1199 2250 1226 1903 931 951 592 1527 792 1757 628 635 739 1538 208 371 715 1485 723 1463 497 1742 890 1013 464 518 1174 2219 29 806 893 2023 300 765 1017 1481 993 1441 880 1846 41 122 436 640 1144 2235 1002 1389 26 451 935 1567 1036 1610 138 624 1151 2296 417 1222 128 553 573 1633 191 1210 1007 1145 321 1153 195 1080 1157 2306 1244 1650 546 1198 758 1274 582 1129 788 1714 510 1680 257 795 492 988 1104 1110 102 1120 793 1541 560 1175 952 1087 159 609 619 1329 844 882 1176 1687 1058 1186 760 2007 683 958 1216 1600 692 1465 631 681 1111 1741 1088 1712 82 234 78 1073 407 647 1031 1101 443 1581 622 1564 564 1710 572 601 820 1841 196 943 1184 2016 89 1155 113 490 852 1305 289 1398 494 1363 559 904 50 349 762 1351 354 754 95 1309 74 405 283 315 281 330 10 519 624 1521 794 1668 4 407 920 1703 1074 1779 1225 1605 834 834 
80
763
1541
1448
1147
1931
603
169
1074
397
1508
1139
1907
773
1121
407
74
1759
1211
283
44
1815
2036
809
1142
2103
425
995
745
1336
1561
468
2221
1907
1458
1397
1115
998
724
2414
1483
2426
1715
641
1843
1628
540
997
1390
1593
2413
46
2354
1708
2100
2247
1720
1500
1065
1465
935
2218
1012
1534
1475
1309
134
2478
476
700
693
959
200
200
142
2152
717
8
576
490
284

