6
10
45 53 11 52 38 38 5 42 1 8 32 67 34 78 23 23 32 39 36 46 
5
27
37
78
61
94

25
41 151 71 127 13 93 10 84 91 173 68 74 47 61 109 206 123 187 47 85 78 83 124 153 25 116 92 189 122 209 115 166 37 87 105 189 17 114 16 56 86 88 121 192 119 187 53 157 54 75 
25
61
104
230
157
243
34
213
166
102
120
53
25
233
155
248
197
245
141
196
99
249
147
150
107
38

50
1 500 500 500 73 182 22 219 164 199 93 170 84 287 27 143 236 444 10 74 92 146 236 437 152 232 69 190 231 404 151 391 81 309 108 270 11 119 148 373 195 380 169 371 47 221 138 365 228 407 114 300 108 323 90 249 225 349 153 247 61 90 70 123 164 312 127 198 93 243 59 230 217 294 3 85 37 175 232 475 39 266 206 289 8 85 215 446 58 68 58 78 101 235 140 140 100 298 161 162 
50
447
37
470
316
259
54
298
376
59
475
341
200
294
215
492
496
106
459
90
374
386
247
295
176
432
41
109
484
196
435
341
117
311
124
131
18
452
152
480
190
469
433
270
402
218
459
10
298
312
409

15
17 17 102 102 177 177 166 289 117 305 1 195 49 233 16 28 123 288 197 199 74 249 52 245 71 86 153 206 98 202 
8
17
294
212
132
139
93
44
177

20
102 198 152 299 68 222 118 311 175 361 225 380 86 254 136 327 83 272 133 336 157 287 207 343 182 276 232 338 126 300 176 350 168 359 218 379 165 330 215 365 
15
34
213
303
394
86
153
119
226
137
134
208
233
177
219
216

15
204 211 90 204 157 340 104 238 59 209 25 203 28 145 94 160 66 152 67 193 110 120 131 166 4 92 23 188 171 302 
8
204
91
310
57
167
114
393
190

