100
143590218575381048
268435456
240585657906847229
786318010578359035
602005090257714510
926162081115951664
2
118355913652363708
919094806605377776
509761783015454108
529926980445384492
856314427594662541
978377453612010105
481751141140173339
940021906523791615
495287822564899915
650603055094989693
978356122360164455
983469316795802799
986686921303923856
33554432
276748060376786275
722100034445125958
646075300254052916
495145246825075092
717698579823540493
743005070742410272
208988965748442832
832225474668925458
817699718505919894
974228648729345839
123936872973738494
354815868642488686
927228780978847407
545534195451796379
397754320196250569
70922240497597205
705746373732808670
886762432383249981
350660521188951860
883816105428227830
939389840740310851
958053742728290976
1
758436766878802715
16384
700638067661579651
637374601830472262
924055993188858507
978481472894489002
359539203552003713
692364447409775908
322565958448136292
339193899972813793
140737488355328
691850466628496339
642427206900854169
509168551993176815
112678902624363808
440199972989828304
954296871698546646
795556170389118581
981029884889726136
116705413640529279
803006877267648166
129079251912060419
211843714016655319
23490209099184703
889433486709660807
229898418323606166
919394668645479270
10
223807285262271623
920357688615988969
79155751563956920
43305498647160287
346127197820952970
2048
993187925362161227
500798972257762101
273012300682530717
256842913397805254
834902328451846205
314190502063998957
617220359155089041
512
975485595790251906
871583416004543026
132737597590658036
288556895594493782
908890926271624174
3
555049433340021906
916046080779159153
318686670369119704
123040376219707356
631932377570996752
985292566921407863
911223566994273803
515642218437462755
