100
44971
93795
93105
93321
91137
94786
83217
1
28748
98786
55177
27960
63491
4
94151
25409
58654
65433
5540
10
43760
1024
38781
36584
63234
2184
99869
89106
11443
46697
77188
3
86002
90821
63527
36803
77646
91097
36415
92338
66348
41043
91337
22427
11324
92327
26088
89773
30252
97521
96684
9277
97073
70140
2048
84794
97529
18959
2475
17625
96460
83462
35108
16384
45330
80093
97085
14014
29857
93983
95972
98454
45271
60236
65536
98351
72996
33615
24392
14090
99767
10805
27007
94034
61007
17622
32
98852
57867
10098
59210
41566
96561
51437
42830
2
91661
73482
8607
98645
