32707
32767
32761
32631
32747
32760
32667
32755
32766
32749
32758
32649
32760
32745
32737
29580
32761
32719
32745
32763
32765
32748
32762
32751
32739
32755
32746
32714
32767
32765
32242
32765
32694
32745
32762
32217
32752
32748
32762
32765
17954
32759
32764
32750
32762
32755
32757
32670
32759
32676
32754
32765
32747
32756
32763
32701
32757
32758
32756
32757
32759
32767
32764
32744
32744
32735
32764
32711
32763
32753
32632
32767
32759
32594
32767
32752
32766
32761
32750
32762
32761
32728
32569
32722
32767
32766
32767
32764
32261
32720
32752
32115
32763
32074
32766
32141
32697
32767
31178
32758
