1000
0 55 55
19 13 36
38 92 85
14 36 81
32 46 61
68 31 60
14 72 37
16 96 54
52 79 8
25 18 17
33 60 68
93 37 34
46 65 73
36 60 91
29 36 86
70 44 46
16 53 10
17 46 54
5 100 52
38 68 94
16 66 92
22 42 25
65 89 98
51 82 15
17 24 45
10 86 69
83 53 23
24 66 29
79 20 6
39 43 22
100 70 91
62 46 8
91 77 4
82 98 10
70 70 72
30 29 57
13 9 38
19 32 19
56 87 92
24 29 11
37 21 1
54 69 77
16 35 59
67 45 63
55 98 32
53 46 81
28 95 81
79 48 79
74 73 98
16 81 32
47 27 8
75 76 37
23 74 80
75 18 61
65 39 45
45 62 57
42 91 58
86 22 44
39 5 38
8 100 13
71 8 8
33 12 86
64 81 11
40 47 81
6 74 68
49 2 81
97 61 94
26 54 1
45 58 33
31 80 31
93 79 38
34 21 80
13 21 19
39 5 87
37 62 67
53 52 65
13 15 75
65 70 12
67 7 97
67 56 15
1 23 57
17 79 13
54 47 14
28 44 77
78 12 41
51 7 31
75 12 4
55 83 24
100 18 7
57 28 81
59 30 79
100 33 89
45 83 96
16 12 2
87 81 48
43 47 33
16 93 89
79 70 92
82 87 30
10 33 21
86 25 64
92 31 9
100 91 95
82 89 7
86 89 75
86 7 52
96 55 72
75 83 75
82 47 30
90 67 82
6 23 99
4 45 66
32 15 55
2 36 39
55 82 21
45 39 23
72 36 27
72 68 30
67 60 11
82 55 91
76 87 22
6 74 32
23 89 93
15 74 4
28 9 52
50 22 86
84 98 25
71 59 9
21 6 39
15 14 85
14 81 78
89 8 11
4 62 87
38 10 22
16 97 9
18 13 17
35 57 4
47 66 68
70 88 73
25 69 7
0 65 91
53 22 1
7 21 17
95 24 55
0 57 27
74 35 91
72 83 63
29 71 99
56 80 4
94 30 1
37 3 58
32 68 96
51 76 26
49 37 81
78 100 69
56 6 32
95 88 7
90 98 72
97 48 53
57 27 68
57 76 70
79 7 62
85 93 63
100 26 16
95 20 58
60 52 78
49 22 17
33 24 78
14 84 31
29 37 5
77 89 75
24 60 67
74 98 45
20 46 63
99 8 69
17 75 28
56 92 59
8 31 78
34 27 91
18 95 60
3 98 22
69 26 21
61 11 61
73 81 29
93 26 48
77 97 48
31 86 25
52 69 42
1 81 66
59 8 29
45 24 7
7 72 10
67 54 42
99 8 47
5 74 9
55 3 20
69 25 52
61 53 3
61 38 36
85 67 94
100 17 30
62 46 1
42 4 54
84 74 99
100 60 84
30 94 18
41 12 92
87 47 83
7 95 21
80 53 38
21 60 67
29 21 13
58 85 42
7 68 97
59 98 12
62 86 17
77 89 85
89 37 94
12 9 17
10 55 4
56 91 37
36 64 15
10 72 100
52 58 41
52 72 19
43 72 63
90 58 66
100 68 14
27 39 58
27 65 77
67 23 25
74 24 4
96 74 56
63 93 100
90 37 82
0 92 67
86 23 47
68 88 5
53 48 96
49 97 30
97 7 12
68 13 87
94 29 22
1 22 6
87 20 40
57 26 71
91 48 60
4 99 34
73 9 85
34 68 35
6 37 12
78 13 34
34 92 25
52 90 42
38 3 52
3 38 18
75 71 84
100 31 11
38 86 11
76 41 73
24 57 9
25 23 43
73 7 6
1 95 53
32 43 54
78 84 95
94 62 11
63 43 23
5 4 81
61 65 100
56 48 75
60 87 90
53 77 48
16 58 27
30 17 52
45 94 28
38 2 57
68 76 65
16 79 40
45 24 72
29 16 45
12 55 55
8 59 6
54 28 31
42 7 15
44 52 32
100 98 41
81 40 43
7 34 65
72 96 80
75 18 15
80 70 89
13 78 5
6 90 7
1 69 27
56 56 52
86 54 55
41 67 73
46 59 25
93 61 47
99 97 98
31 15 100
66 90 100
42 62 90
4 38 5
8 3 76
87 57 12
23 65 87
64 25 83
85 85 34
78 53 78
89 99 82
18 56 55
28 74 83
0 89 69
81 69 83
47 39 84
19 61 77
7 33 36
12 3 26
5 5 86
25 17 18
97 87 65
34 44 71
31 11 98
83 39 80
20 46 39
9 76 39
59 82 94
47 25 9
46 60 37
79 12 10
97 44 60
95 53 33
16 46 80
88 58 41
75 97 39
85 16 71
67 83 21
2 48 25
83 88 33
29 90 66
41 98 74
8 78 93
44 33 42
98 85 38
96 46 59
49 48 55
77 83 32
19 57 99
22 15 99
42 67 86
28 58 46
34 98 65
93 21 57
16 48 34
7 25 48
96 2 72
2 86 38
28 88 81
84 53 47
99 26 64
36 69 53
97 40 45
46 71 15
91 86 32
93 5 46
34 26 6
1 87 21
43 44 59
66 89 30
76 78 55
9 72 95
49 47 74
15 27 85
47 85 3
11 32 65
98 22 42
98 55 70
82 93 96
99 95 91
14 89 2
53 28 74
40 79 88
84 98 55
10 87 38
57 48 78
53 85 73
91 59 33
32 77 66
16 74 2
85 33 65
53 76 77
60 34 72
64 38 29
81 30 41
77 75 53
11 92 53
35 73 75
26 7 46
7 52 33
98 57 37
78 12 26
75 93 5
81 64 70
51 34 61
44 7 12
75 53 41
19 8 1
92 38 94
2 72 59
7 13 7
84 18 41
37 87 64
1 13 64
22 64 65
17 78 67
48 59 23
99 13 4
84 95 42
76 21 60
65 77 76
37 87 8
4 47 1
95 33 26
20 39 43
55 47 53
62 67 78
7 62 58
59 96 91
83 62 4
19 78 93
3 31 48
19 41 36
5 47 66
73 94 6
3 53 40
33 69 55
26 26 94
67 5 11
72 21 28
21 52 78
100 64 45
33 34 86
87 15 84
52 91 16
44 62 13
9 67 78
75 33 74
67 67 62
17 69 21
72 40 83
54 7 5
22 45 39
91 83 54
12 100 82
87 66 72
76 5 76
23 24 41
12 59 63
26 4 85
98 85 64
53 90 67
2 9 3
41 85 26
61 56 2
28 43 83
10 67 92
92 82 14
54 98 4
7 29 86
92 10 71
38 55 3
77 61 9
21 53 4
14 46 40
84 79 64
91 86 25
65 34 26
81 13 32
79 87 63
34 16 89
56 65 95
39 39 55
34 74 94
35 68 35
9 67 98
27 61 19
7 52 70
5 34 58
55 94 27
87 22 56
97 70 4
14 19 22
94 11 37
47 66 45
32 74 85
43 81 99
99 77 4
59 19 85
21 84 62
82 70 56
71 35 27
35 43 32
5 77 17
77 75 10
91 2 12
70 100 38
51 61 95
34 29 29
100 54 94
76 47 70
50 91 58
27 97 67
88 56 9
24 57 38
63 47 47
54 18 72
89 80 24
87 93 35
81 38 96
43 97 35
87 70 20
21 57 20
67 3 26
42 63 85
75 69 6
58 20 22
23 1 19
33 35 34
60 5 38
73 41 26
22 88 73
72 15 93
51 66 33
30 83 16
68 94 26
30 41 28
8 67 44
5 85 97
16 54 82
32 47 87
34 92 69
25 93 2
96 46 9
98 96 13
47 71 80
21 17 22
32 60 75
42 8 52
26 63 84
40 5 31
37 24 17
5 97 10
51 9 46
5 98 52
14 60 30
53 3 4
50 42 68
52 23 15
42 93 63
31 47 82
52 37 89
28 96 15
46 100 56
49 73 97
8 64 34
23 76 96
52 39 2
87 63 16
35 99 22
85 2 99
65 69 32
66 98 21
87 40 57
41 62 75
60 86 100
52 56 84
36 93 63
27 63 72
80 94 17
30 9 85
19 67 40
91 25 16
77 76 20
38 13 28
57 38 52
100 76 79
85 73 70
74 13 7
76 86 17
82 79 96
97 88 98
25 12 74
57 71 100
43 9 84
74 29 63
99 3 95
70 35 42
49 18 95
99 70 86
100 23 20
83 56 97
24 100 35
31 43 35
12 72 15
69 11 77
67 88 33
71 52 15
1 97 39
90 69 64
15 87 67
29 75 87
22 84 76
75 55 81
94 75 65
72 73 82
58 27 76
42 33 8
2 47 93
48 100 27
13 63 44
85 70 9
13 42 34
59 72 79
60 4 61
69 96 3
94 30 67
4 95 82
93 6 84
38 31 43
38 8 35
34 64 3
73 100 14
4 90 64
18 75 8
11 10 80
34 5 87
98 38 32
39 12 84
93 40 71
46 13 25
76 23 47
34 72 75
51 36 99
84 58 56
46 74 16
17 6 40
77 67 94
37 2 41
21 94 36
89 48 41
94 6 97
33 70 76
36 17 39
22 41 17
67 73 45
0 99 43
25 76 48
40 29 7
77 28 9
34 14 7
7 54 41
74 92 31
100 89 79
17 81 100
53 48 15
79 46 84
19 87 86
35 16 42
49 79 11
81 16 88
13 99 9
6 12 13
27 23 13
49 60 88
64 76 28
94 7 87
92 55 47
84 5 4
56 84 29
70 16 5
45 58 69
75 63 74
44 95 98
57 61 15
100 90 10
22 21 46
23 60 91
37 54 52
17 32 44
73 32 97
99 60 89
23 70 19
57 98 14
1 54 73
2 76 15
92 80 87
39 42 75
25 43 2
18 75 3
97 69 86
76 10 62
99 10 38
57 41 42
81 88 84
40 32 40
22 34 52
31 11 66
20 46 23
61 88 67
16 81 80
31 32 20
41 20 71
95 52 21
37 33 85
8 20 80
51 52 94
2 21 41
72 69 8
91 88 3
13 64 42
69 82 83
94 54 91
25 55 35
58 12 24
24 84 57
86 82 81
96 23 79
31 83 25
40 31 94
50 36 93
84 75 56
66 75 25
73 29 39
73 5 80
12 33 57
45 12 15
22 28 37
54 83 44
23 5 33
84 58 8
22 54 16
59 83 100
52 60 75
75 52 73
91 9 77
82 2 69
35 8 16
0 53 42
51 37 95
41 97 68
88 45 37
19 23 85
6 33 77
30 5 55
96 23 25
62 17 11
16 88 96
73 93 3
95 95 17
17 52 13
34 54 33
89 42 1
68 6 13
68 88 23
33 55 85
44 68 69
49 35 2
51 72 5
0 15 62
35 45 55
32 98 7
57 66 7
66 20 11
96 80 66
15 81 30
47 52 75
68 23 92
77 31 9
13 94 70
36 67 58
97 44 64
53 5 47
13 45 52
51 39 32
31 3 8
93 68 55
56 61 7
43 54 4
15 90 92
33 36 11
89 48 39
25 2 9
81 45 30
65 88 97
64 16 62
77 88 1
20 94 40
1 74 53
90 72 20
2 64 93
55 12 25
90 24 63
94 24 53
37 56 98
51 46 69
75 56 53
53 66 72
33 17 14
61 89 91
41 32 82
8 87 8
50 45 96
31 46 91
11 78 3
0 32 79
50 66 61
58 36 22
68 85 59
39 85 37
48 52 2
14 78 60
93 28 75
85 7 21
45 3 87
75 68 11
48 48 69
100 1 1
72 84 72
85 68 41
85 86 56
0 27 62
98 69 74
60 100 78
40 29 19
95 82 27
67 48 15
28 46 55
25 74 22
57 10 21
61 95 87
5 21 40
66 43 12
30 25 5
8 61 3
0 54 4
28 13 37
17 42 4
54 6 54
8 92 17
23 35 44
82 32 14
27 81 7
83 77 98
67 14 93
100 39 9
98 80 87
20 71 63
100 47 93
11 97 8
78 71 68
72 53 57
73 6 68
37 13 100
100 61 33
50 27 13
79 88 11
50 69 97
86 92 88
15 73 20
39 62 100
74 76 22
61 11 30
38 13 25
33 18 17
59 30 95
96 44 13
27 86 68
82 45 77
46 25 23
63 53 74
20 73 83
13 62 100
82 47 46
28 12 87
53 70 66
100 89 96
60 29 94
25 85 66
10 34 81
64 85 30
4 84 60
41 31 52
29 2 60
78 92 39
28 75 45
13 9 61
19 90 69
10 34 82
45 70 62
88 55 34
57 75 37
11 5 82
41 9 44
37 73 10
18 22 25
63 38 11
54 84 77
99 99 99
34 67 6
11 83 30
36 54 38
68 45 5
11 72 92
44 88 41
42 93 80
77 21 90
25 61 69
11 69 57
8 61 41
13 68 39
67 45 84
17 73 94
30 61 23
4 8 40
61 12 61
14 10 10
90 77 46
90 63 36
77 83 58
41 97 37
36 87 6
15 40 98
72 17 12
93 73 82
57 76 73
9 78 90
81 79 13
46 100 80
6 27 73
37 29 63
7 84 22
95 22 15
75 40 70
61 9 64
100 97 2
16 5 23
10 28 72
82 35 76
27 5 38
4 64 60
63 75 34
95 85 18
50 96 59
32 81 7
78 28 94
59 43 87
13 98 74
51 16 84
93 81 97
72 9 77
95 61 13
21 99 3
10 9 17
89 21 73
13 46 10
76 70 22
61 55 7
87 63 13
79 13 6
55 36 81
57 64 92
52 29 5
7 79 5
81 53 85
16 20 13
1 87 71
38 73 58
3 40 45
12 88 91
97 24 78
89 84 47
6 45 79
13 55 55
21 26 87
76 58 19
66 19 66
91 65 22
100 9 27
21 81 30
71 83 38
28 14 70
10 5 43
5 36 8
47 74 14
56 44 57
66 68 37
64 70 73
71 81 41
