186624 7558272
3538944 7962624
373248 102036672
6912 3359232
17496 3779136
8192 94143178827
786432 995328
2916 93312
8748 10616832
1572864 14155776
2592 59049
17496 73728
373248 589824
262144 1889568
1417176 15925248
512 14348907
3072 2125764
36864 393216
20736 93312
131072 2834352
1417176 2834352
2239488 5971968
73728 1492992
559872 708588
8192 442368
131072 1259712
41472 52488
432 1235346792567894
13436928 14155776
124416 663552
7962624 8503056
9216 516560652
110592 4194304
419904 1327104
786432 1594323
393216 6377292
24576 34992
419904 2359296
59049 746496
3456 3359232
4374 1327104
19683 15925248
314928 11337408
59049 12582912
7558272 9437184
131072 2834352
3072 11943936
93312 10077696
221184 629856
746496 12754584
12754584 14348907
6561 5971968
65536 73728
23328 157464
52488 5971968
78732 373248
18432 139968
165888 663552
5668704 10616832
1990656 10077696
6144 746496
8192 27648
1048576 1594323
124416 15116544
13824 46656
65536 497664
82944 7077888
2654208 5971968
13122 1990656
2097152 2125764
124416 629856
65536 65536
209952 4478976
46656 4478976
2916 2199023255552
6912 8957952
2592 472392
419904 1119744
24576 4194304
1944 25165824
165888 1492992
4608 4194304
7558272 7962624
3888 104976
139968 786432
8192 248832
786432 1594323
4096 93312
144 562949953421312
559872 14348907
62208 5308416
884736 6291456
2592 314928
4096 4096
69984 4782969
124416 559872
12288 93312
497664 5038848
55296 3359232
