1
100 50 1000
7 41
0 6334
4 19169
8 11478
4 26962
5 5705
7 23281
1 9961
2 2995
6 4827
4 32391
3 3902
2 292
6 17421
5 19718
6 5447
8 14771
2 1869
9 25667
4 17035
1 28703
3 31322
4 17673
1 15141
8 28253
4 25547
7 32662
9 20037
1 8723
8 27529
5 12316
2 22190
6 288
2 9040
8 19264
5 27446
9 15890
0 24370
1 15006
8 24393
3 19629
4 24084
0 18756
6 4966
8 13931
9 16944
3 24626
8 5537
2 16118
1 22929
5 4833
8 4639
0 22704
6 13977
6 31673
5 5021
2 26924
9 6270
3 26777
2 5097
0 23986
6 9161
7 22355
4 23655
2 4031
0 27350
4 16941
0 13966
1 31107
7 18007
7 15457
3 27753
9 14945
8 32209
8 24221
6 6422
0 27506
8 16413
1 900
5 18762
9 17410
7 27624
3 21548
1 27595
0 3602
6 10291
0 9374
1 4596
9 27348
4 19668
4 8281
9 53
8 26418
8 6900
7 18127
3 3728
3 24648
1 17807
7 14310
4 22813
