1 18467 1
1 26500 1
1 29358 1
1 24464 1
1 23281 1
1 2995 1
1 5436 1
1 14604 1
1 12382 1
1 19718 1
1 21726 1
1 11538 1
1 26299 1
1 28703 1
1 31322 1
1 15141 1
1 28253 1
1 32662 1
1 20037 1
1 27529 1
1 12316 1
1 1842 1
1 9040 1
1 27446 1
1 15890 1
1 15350 1
1 24393 1
1 24084 1
1 18756 1
1 13931 1
1 32439 1
1 11323 1
1 16118 1
1 16541 1
1 29658 1
1 13977 1
1 31673 1
1 28745 1
1 6270 1
1 15573 1
1 23986 1
1 22355 1
1 23655 1
1 27350 1
1 21724 1
1 31107 1
1 18007 1
1 27753 1
1 14945 1
1 24221 1
1 24946 1
1 16413 1
1 32591 1
1 17410 1
1 27624 1
1 27595 1
1 24350 1
1 30836 1
1 24021 1
1 23199 1
1 8281 1
1 26418 1
1 6900 1
1 3728 1
1 24648 1
1 14310 1
1 22813 1
1 18935 1
1 20600 1
1 31556 1
1 11008 1
1 32609 1
1 20485 1
1 30523 1
1 29314 1
1 25200 1
1 20580 1
1 19589 1
1 28009 1
1 23622 1
1 24179 1
1 29657 1
1 22888 1
1 16202 1
1 24272 1
1 26362 1
1 28433 1
1 23844 1
1 31998 1
1 18651 1
1 28476 1
1 24389 1
1 2600 1
1 26869 1
1 13401 1
1 16423 1
1 24182 1
1 31426 1
1 30932 1
1 1 0
1 10 0
2 10 0
1 10 1
1 10 2
1 1000000000000000000 0
1 1000000000000000000 1
1 1000000000000000000 2
1 1000000000000000000 3
1 1000000000000000000 4
1 1000000000000000000 5
1 1000000000000000000 6
1 1000000000000000000 7
1 1000000000000000000 8
1 1000000000000000000 9
1 1000000000000000000 10
0 0 0
